4294967294,0
4294967278,33
4294967278,32
4294967278,31
4294967278,30
4294967278,29
4294967278,28
4294967278,27
4294967278,26
4294967278,25
4294967278,24
4294967278,23
4294967278,22
4294967278,21
4294967278,20
4294967278,19
4294967278,18
4294967278,17
4294967278,16
4294967278,15
4294967278,14
4294967278,13
4294967278,12
4294967278,11
4294967278,10
4294967278,9
4294967278,8
4294967278,7
4294967294,469
4294967294,21
4294967294,920
4294967294,94
4294967294,74
4294967294,174
4294967294,169
4294967294,164
4294967294,163
4294967294,144
4294967294,97
4294967294,184
4294967294,46
4294967294,115
4294967294,386
4294967294,165
4294967294,113
4294967294,167
4294967294,176
4294967294,92
4294967294,88
4294967294,189
4294967294,191
4294967294,188
4294967294,93
4294967294,95
4243767290,0
4294967294,135
4294967294,443
4294967294,441
4294967294,422
4294967294,424
4294967294,453
4294967294,420
4294967294,27
4294967294,1
4294967294,415
4294967294,387
4294967294,395
4294967294,399
4294967294,405
4294967294,391
4243767290,3
4243767290,2
4294967294,18
4294967294,127
4294967294,14
4294967294,126
4294967294,20
4294967294,166
4294967294,24
4294967294,175
4294967294,183
4294967294,173
4294967294,12
4294967294,13
4294967294,104
4294967294,106
4294967294,160
4294967294,119
4294967294,168
4294967294,162
4294967294,120
4294967294,451
4294967294,442
4294967294,419
4294967278,37
4294967278,36
4294967278,35
4294967278,34
4294967279,23
4294967279,22
4294967279,21
4294967279,20
4294967279,17
4294967279,15
4294967279,14
4294967279,13
4294967279,12
4294967294,423
4294967294,22
4294967294,15
4294967294,17
4294967294,42
4294967294,67
4294967294,99
4294967294,76
4294967294,36
4294967294,39
4294967294,41
4294967294,43
4294967294,416
4294967294,51
4294967294,52
4294967294,25
4294967294,946
4294967294,26
4294967279,538
4294967294,7
4294967278,351
4294967279,537
4294967279,260
4294967278,350
4294967278,0
4294967294,969
4294967294,82
4294967278,132
4294967278,131
4294967278,130
4294967278,129
4294967278,125
4294967278,124
4294967278,123
4294967278,252
4294967278,122
4294967278,121
4294967278,120
4294967278,247
4294967278,119
4294967278,118
4294967278,117
4294967278,116
4294967278,115
4294967278,114
4294967278,113
4294967278,112
4294967278,111
4294967278,110
4294967278,109
4294967278,108
4294967278,107
4294967278,106
4294967278,105
4294967278,104
4294967278,103
4294967278,102
4294967278,101
4294967278,100
4294967278,99
4294967278,98
4294967278,97
4294967278,96
4294967278,95
4294967278,94
4294967278,93
4294967278,92
4294967278,91
4294967278,90
4294967278,89
4294967278,87
4294967278,86
4294967278,85
4294967278,84
4294967278,83
4294967278,82
4294967278,81
4294967278,80
4294967278,79
4294967278,78
4294967278,77
4294967278,76
4294967278,75
4294967278,74
4294967278,73
4294967278,72
4294967278,71
4294967278,70
4294967278,69
4294967278,68
4294967278,67
4294967278,66
4294967278,65
4294967278,64
4294967278,63
4294967278,62
4294967278,61
4294967278,60
4294967278,59
4294967278,58
4294967278,57
4294967278,56
4294967278,55
4294967278,54
4294967278,53
4294967278,52
4294967278,51
4294967278,50
4294967278,49
4294967278,48
4294967278,47
4294967278,46
4294967278,45
4294967278,44
4294967278,43
4294967278,42
4294967278,41
4294967278,40
4294967278,39
4294967278,38
4294967279,19
4294967279,18
4294967279,16
4294967279,11
4294967279,10
4294967279,9
4294967279,8
4294967279,7
4294967279,6
4294967279,5
4294967279,4
4294967279,536
4294967279,0
4294967278,128
4294967294,5
4294967278,127
0,5
4294967294,68
4294967294,11
4294967294,81
4294967278,126
4294967278,255
4294967294,6
4294967279,535
30,5
30,4
30,3
30,2
30,1
29,5
29,4
29,3
29,2
29,1
4294967278,349
4294967279,534
4294967278,348
4294967279,533
4294967278,347
4294967278,346
4294967278,345
4294967279,532
4294967278,344
4294967279,531
4294967278,343
4294967279,530
4294967278,342
4294967278,341
4294967279,529
4294967278,340
4294967279,528
4294967278,339
25,5
25,4
25,3
25,2
25,1
4294967279,527
4294967278,338
4294967279,526
4294967278,337
4294967279,525
24,5
24,4
24,3
24,2
24,1
4294967278,336
4294967279,524
4294967278,335
4294967279,523
4294967279,522
4294967279,521
4294967278,334
4294967279,520
4294967278,333
22,6
22,5
22,4
22,3
22,2
